10 0.0707107
0.0138978 0.0355361
0.0568851 0.0173633
0.0143309 0.0532089
0.0279931 0.0180817
0.0422541 0.0355775
0.0141837 0.0180997
0.042061 0.0174079
0.0568045 0.0349223
0.0279846 0.05287
0.0280455 0.0352635
0.011455 0.037344
0.0600505 0.0142201
0.0161842 0.0549798
0.025081 0.0221219
0.0405309 0.0377996
0.0145991 0.0223201
0.0384074 0.0147103
0.0591645 0.0305921
0.0250219 0.0512275
0.0256581 0.0343446
0.00901207 0.0391519
0.0632159 0.0110769
0.0155001 0.0579086
0.0243131 0.0244268
0.0388077 0.0400217
0.0128713 0.0265998
0.0347538 0.0120127
0.0615244 0.0262618
0.0245966 0.0484273
0.0232697 0.0351018
0.00656918 0.0409597
0.0663814 0.00793374
0.0146341 0.0609312
0.0247506 0.0235295
0.0370845 0.0422438
0.00997213 0.0309132
0.0311002 0.00931504
0.0638843 0.0219315
0.0248406 0.046992
0.0203599 0.0375685
0.0036621 0.0440653
0.0695468 0.00479054
0.0137681 0.0639538
0.025188 0.0226322
0.0353613 0.0444659
0.00701579 0.0337598
0.0274466 0.00661742
0.0662442 0.0176013
0.026469 0.0494855
0.0165872 0.0362756
0.000371984 0.0482366
0.0687092 0.00164733
0.0129021 0.0669765
0.0256255 0.0217349
0.0352386 0.0456681
0.0019311 0.0347663
0.023793 0.0039198
0.0686042 0.013271
0.0264968 0.052999
0.0153259 0.0357569
0.00291814 0.052408
0.0654636 0.00135351
0.012036 0.0699991
0.026063 0.0208377
0.035738 0.046467
0.00315359 0.0357728
0.0201394 0.00122218
0.070505 0.0090831
0.0259025 0.0569156
0.0140645 0.0352383
0.00620826 0.0565794
0.059326 4.86872e-05
0.01117 0.0683996
0.0265004 0.0199404
0.0362374 0.0472659
0.00427937 0.0372477
0.0164858 0.00147544
0.070466 0.00929825
0.0253083 0.0608323
0.0167621 0.0342511
0.00826843 0.0572058
0.0530613 0.00162374
0.0115339 0.0689219
0.0269379 0.0190431
0.0367368 0.0480649
0.00329266 0.0389898
0.0128322 0.00417306
0.0698885 0.00968624
0.024714 0.0647489
0.0215722 0.0329969
0.00891419 0.0536919
0.0467966 0.00319879
0.0133123 0.0678368
0.0273754 0.0181458
0.0372362 0.0488638
0.00230594 0.0407319
0.00917854 0.00687069
0.0693111 0.0100742
0.0241198 0.0686656
0.0263822 0.0317426
0.00955995 0.050178
0.0405319 0.00477384
0.0150906 0.0631742
0.0278129 0.0172486
0.0377356 0.0496628
0.00131922 0.042474
0.00552493 0.00956831
0.0687336 0.0104622
0.0235255 0.0688391
0.0311923 0.0304884
0.0102057 0.0466641
0.0342672 0.00634889
0.0160794 0.0579082
0.0282503 0.0163513
0.038235 0.0504617
0.000332502 0.044216
0.00187132 0.0122659
0.0681562 0.0108502
0.0237208 0.0655257
0.0360024 0.0292341
0.0108515 0.0431502
0.0286106 0.00594477
0.0167038 0.0523596
0.0280797 0.0174332
0.0387344 0.0512607
0.000654215 0.0459581
0.00178229 0.0149636
0.0675787 0.0112382
0.0242805 0.062495
0.0408124 0.0279799
0.0112494 0.0393069
0.0235567 0.00347284
0.017576 0.0471405
0.0273064 0.0205829
0.0392338 0.0520596
0.00164093 0.0477002
0.0054359 0.0176612
0.0670013 0.0116262
0.0248402 0.0594644
0.0456225 0.0267256
0.0109061 0.0344897
0.0185028 0.0010009
0.0191894 0.0428951
0.026533 0.0237326
0.0397331 0.0528585
0.00262765 0.0494423
0.00908951 0.0203588
0.0664238 0.0120142
0.0253999 0.0564337
0.0504326 0.0254714
0.010356 0.031425
0.0134489 0.00147103
0.0208029 0.0386497
0.0257597 0.0268823
0.0402325 0.0536575
0.00361437 0.0511844
0.0129499 0.0213039
0.0658464 0.0124022
0.0259596 0.053403
0.0552426 0.0242171
0.00910329 0.0334558
0.00839498 0.00394296
0.0209554 0.0375053
0.0264473 0.0269312
0.0407319 0.0544564
0.00460109 0.0529264
0.0175129 0.0171536
0.0652689 0.0127902
0.0265194 0.0503723
0.0600527 0.0229629
0.00785055 0.0354867
0.00334107 0.0064149
0.0192688 0.0402335
0.0289741 0.0231073
0.0412313 0.0552554
0.0055878 0.0546685
0.022076 0.0130032
0.0649389 0.0120834
0.0270791 0.0473416
0.0646153 0.0228034
0.0065978 0.0375175
0.00171284 0.00888683
0.0173698 0.0428585
0.0315009 0.0192834
0.0417307 0.0560543
0.00657452 0.0564106
0.026639 0.00885283
0.0649559 0.00975024
0.0278511 0.0444142
0.0688309 0.0242703
0.00534506 0.0395483
0.00676675 0.0113588
0.0152631 0.0453857
0.0340277 0.0154595
0.0422301 0.0568532
0.00756124 0.0581527
0.031202 0.00470246
0.0649729 0.00741706
0.0288308 0.0415846
0.0683748 0.0257372
0.00409231 0.0415791
0.0118207 0.0138307
0.0131565 0.0479128
0.0365545 0.0116356
0.0427295 0.0576522
0.00854796 0.0598947
0.0357651 0.00055209
0.0649899 0.00508387
0.0298105 0.038755
0.0641592 0.0272041
0.00283957 0.04361
0.0168746 0.0163026
0.0110498 0.05044
0.0390145 0.01203
0.0432289 0.0584511
0.00953467 0.0616368
0.0403949 0.000619996
0.0650069 0.00275068
0.0307902 0.0359255
0.0599436 0.0286711
0.00158682 0.0456408
0.0219285 0.0187746
0.00894314 0.0529671
0.0413912 0.01619
0.0437283 0.0592501
0.0105214 0.0633789
0.0451081 0.0044535
0.0650239 0.000417499
0.0317699 0.0330959
0.0557279 0.030138
0.000334079 0.0476716
0.0269824 0.0212465
0.00683647 0.0554943
0.0437678 0.02035
0.0442277 0.060049
0.0115081 0.065121
0.0498212 0.00828701
0.0650409 0.00191569
0.0327496 0.0302663
0.0515123 0.0316049
0.000559644 0.0491641
0.0296276 0.0197864
0.00508883 0.0585597
0.0460076 0.0239895
0.0447271 0.0608479
0.0124948 0.0668631
0.0545344 0.0121205
0.0650578 0.00424887
0.036138 0.0313688
0.0474336 0.0335923
0.00102376 0.0499976
0.0312223 0.0166034
0.00377079 0.0622843
0.0474683 0.0241286
0.0452265 0.0616469
0.0134815 0.0686051
0.0592476 0.015954
0.0650748 0.00658206
0.0372487 0.0328662
0.0474622 0.040408
0.00148787 0.0508311
0.032817 0.0134203
0.00245275 0.0660088
0.048929 0.0242678
0.0457259 0.0624458
0.0144683 0.0703472
0.0639608 0.0197875
0.0650918 0.00891525
0.0360573 0.0334079
0.0497928 0.0481795
0.00195199 0.0516645
0.0344116 0.0102373
0.00113471 0.0697333
0.0503897 0.0244069
0.0461988 0.0632818
0.015455 0.0693321
0.0686739 0.023621
0.0651088 0.0112484
0.034866 0.0339495
0.0521499 0.055914
0.0024161 0.052498
0.0360063 0.0070543
0.000183327 0.0679635
0.0518503 0.0245461
0.0442166 0.0669673
0.0164417 0.06759
0.0680342 0.0274546
0.0651258 0.0135816
0.0336746 0.0344911
0.0569622 0.060799
0.00288022 0.0533315
0.037601 0.00387128
0.00150137 0.064239
0.053311 0.0246852
0.0420425 0.0705691
0.0174284 0.0658479
0.0633211 0.0312881
0.0651428 0.0159148
0.0324833 0.0350327
0.0619663 0.0654845
0.00364971 0.0514857
0.0391957 0.000688261
0.00251402 0.0631938
0.0547717 0.0248244
0.0398684 0.0666842
0.0184151 0.0641058
0.0586079 0.0351216
0.0651598 0.018248
0.0312919 0.0355743
0.0669705 0.0701701
0.00463923 0.0476916
0.0407904 0.00249476
0.00330666 0.0640968
0.0562324 0.0249635
0.0376942 0.0627993
0.0194019 0.0623637
0.0538947 0.0389551
0.0651767 0.0205812
0.0301006 0.0361159
0.0694466 0.0665658
0.00562875 0.0438975
0.042385 0.00567778
0.0040993 0.0649999
0.0560788 0.0258442
0.0355201 0.0589144
0.0203886 0.0606217
0.0491815 0.0427886
0.0668079 0.0221728
0.0289092 0.0366575
0.0644425 0.0618802
0.00661827 0.0401034
0.0439797 0.0088608
0.00489193 0.065903
0.0555471 0.0268955
0.0333459 0.0550294
0.0213753 0.0588796
0.0444684 0.0466221
0.0688174 0.0235939
0.0277179 0.0371991
0.0594383 0.0571947
0.00760779 0.0363093
0.0455744 0.0120438
0.00568457 0.066806
0.0550153 0.0279467
0.0305885 0.051287
0.022362 0.0571375
0.0403385 0.0503131
0.0705946 0.025015
0.0265265 0.0377407
0.0544341 0.0525092
0.0085973 0.0325151
0.0471691 0.0152268
0.0064772 0.0677091
0.0544836 0.028998
0.0271611 0.0467427
0.0208087 0.0576796
0.0395973 0.0533252
0.0685852 0.0264361
0.0251566 0.0374789
0.0494299 0.0478236
0.00958682 0.028721
0.0487637 0.0184099
0.00726984 0.0686122
0.0539518 0.0300493
0.0256701 0.0473658
0.0185934 0.0588439
0.038856 0.0563373
0.0665757 0.0278571
0.0225121 0.0314275
0.0444257 0.0431381
0.0104907 0.0249209
0.0503584 0.0215929
0.00806247 0.0695152
0.0534201 0.0311005
0.0241792 0.0479888
0.0163781 0.0600083
0.0381147 0.0593495
0.0645663 0.0292782
0.0199534 0.0253821
0.0394215 0.0384525
0.00789312 0.0209651
0.0513622 0.0227452
0.00885511 0.0704183
0.0534429 0.0341951
0.0226882 0.0486119
0.0141628 0.0611726
0.0373734 0.0623616
0.0625931 0.0306866
0.0208961 0.0194924
0.0344173 0.033767
0.00512661 0.0170057
0.0522154 0.0233669
0.00909608 0.0706092
0.0524853 0.0382549
0.0211972 0.049235
0.0124992 0.0610115
0.0366321 0.0653737
0.0617511 0.0316605
0.0220077 0.0136063
0.0294131 0.0290815
0.0023601 0.0130463
0.0530686 0.0239887
0.00849791 0.0705095
0.0514893 0.0423308
0.0197063 0.049858
0.0116747 0.0587764
0.0358908 0.0683858
0.0609474 0.0326183
0.0231193 0.0077202
0.024409 0.0243959
0.000406417 0.00908686
0.0539217 0.0246104
0.00789974 0.0704098
0.0504932 0.0464066
0.0182606 0.0504424
0.0108049 0.05658
0.0351495 0.0700235
0.0601438 0.033576
0.0242309 0.00183411
0.0194048 0.0197104
0.00317293 0.00512745
0.0547749 0.0252321
0.00730158 0.0703101
0.0494972 0.0504825
0.0185242 0.0496273
0.00822589 0.055783
0.0344083 0.0670114
0.0593401 0.0345338
0.0253425 0.00405199
0.0144006 0.0150249
0.00593944 0.00116803
0.0556281 0.0258538
0.00670341 0.0702104
0.0485012 0.0545584
0.0188655 0.0487512
0.00556914 0.0550471
0.033667 0.0639993
0.0585365 0.0354915
0.0264542 0.00993808
0.0093964 0.0103393
0.00744862 0.000807282
0.0564813 0.0264756
0.00610524 0.0701107
0.0475052 0.0586342
0.0192068 0.0478751
0.00291238 0.0543112
0.0329257 0.0609872
0.0577328 0.0364493
0.0275658 0.0158242
0.00564956 0.0136122
0.00852729 0.00388233
0.0573345 0.0270973
0.00550707 0.070011
0.0465091 0.0627101
0.0195481 0.046999
0.000255633 0.0535752
0.0321844 0.0579751
0.0569292 0.0374071
0.0286774 0.0217103
0.00233321 0.0209003
0.00960596 0.00695737
0.0581876 0.027719
0.00490891 0.0699113
0.0455131 0.066786
0.0198894 0.0461229
0.00240112 0.0528393
0.0314431 0.054963
0.0561255 0.0383648
0.029789 0.0275964
0.00098313 0.0281884
0.0106846 0.0100324
0.0590408 0.0283408
0.00431074 0.0698116
0.0445171 0.0705595
0.0202307 0.0452468
0.00505787 0.0521034
0.0307018 0.0519509
0.0553218 0.0393226
0.0309007 0.0334825
0.00429947 0.0354766
0.0117633 0.0131075
0.059894 0.0289625
0.00371257 0.0697119
0.0435211 0.0664836
0.020572 0.0443707
0.00771756 0.0515351
0.0299606 0.0489388
0.0545182 0.0402803
0.0320123 0.0393686
0.00761288 0.0425971
0.012842 0.0161825
0.0607472 0.0295842
0.0031144 0.0696122
0.042525 0.0624078
0.0209133 0.0434946
0.010456 0.0584367
0.0273682 0.0523948
0.0537145 0.0412381
0.034975 0.0387866
0.0108475 0.0422476
0.0139206 0.0192576
0.0616004 0.0302059
0.00251624 0.0695125
0.041529 0.0583319
0.0233752 0.0428905
0.013196 0.0656746
0.0243702 0.0571605
0.0529109 0.0421959
0.0383433 0.0368948
0.01196 0.0412899
0.0149993 0.0223326
0.0624536 0.0308277
0.00191807 0.0694128
0.040533 0.054256
0.0265733 0.0423814
0.0159096 0.0685429
0.0213987 0.0618921
0.0521072 0.0431536
0.0417115 0.0350031
0.0123364 0.0402371
0.016078 0.0254076
0.0633067 0.0314494
0.00131186 0.0693125
0.039537 0.0501802
0.0297713 0.0418724
0.0107343 0.0704128
0.0263241 0.0575507
0.0513036 0.0441114
0.0450798 0.0331113
0.0127127 0.0391843
0.0171567 0.0284827
0.0641599 0.0320711
0.000872408 0.0683902
0.0397554 0.0471099
0.0317726 0.040345
0.0127165 0.0683212
0.0319183 0.0524748
0.0504999 0.0450692
0.048448 0.0312196
0.0130891 0.0381316
0.0192493 0.0295977
0.0650131 0.0326928
0.000225101 0.0671891
0.0419193 0.0444602
0.0307626 0.0362555
0.0187082 0.0658517
0.0332874 0.0501248
0.054987 0.0454424
0.0518163 0.0293279
0.0124515 0.0390388
0.0211647 0.0294327
0.0658663 0.0333146
0.000422205 0.0659879
0.043098 0.0409419
0.0304623 0.0324401
0.0246999 0.0633822
0.0327659 0.0489316
0.0623501 0.0455275
0.0551845 0.0274361
0.0112814 0.0409521
0.0192239 0.0278516
0.0667195 0.0339363
0.00106951 0.0647867
0.0442766 0.0374236
0.0340183 0.0300409
0.0306915 0.0609128
0.0322443 0.0477384
0.0697132 0.0456126
0.0585528 0.0255444
0.0101114 0.0428653
0.017283 0.0262704
0.0675726 0.034558
0.00171682 0.0635856
0.0454553 0.0339053
0.0375743 0.0276417
0.0366832 0.0584433
0.0317228 0.0465452
0.0643451 0.0456977
0.061921 0.0236526
0.00894129 0.0447785
0.0153422 0.0246892
0.0684258 0.0351797
0.00236413 0.0623844
0.0481487 0.0316266
0.0396155 0.0240028
0.0426749 0.0559738
0.0312012 0.045352
0.056982 0.0457828
0.0652893 0.0217609
0.00777122 0.0466917
0.0134013 0.023108
0.069279 0.0358015
0.00301143 0.0611833
0.0513129 0.0297356
0.0411859 0.0199763
0.048245 0.0544823
0.0306797 0.0441589
0.0500404 0.0448899
0.0686575 0.0198691
0.00660114 0.048605
0.0114604 0.0215268
0.0701322 0.0364232
0.0036572 0.0599898
0.0544772 0.0278446
0.0427562 0.0159498
0.051746 0.0586453
0.0301581 0.0429657
0.0451681 0.0383425
0.0693956 0.0179774
0.00543261 0.0505105
0.00951959 0.0199456
0.070436 0.0370449
0.00378071 0.0617749
0.0576414 0.0259536
0.0443266 0.0119233
0.055247 0.0628082
0.0296366 0.0417725
0.0402957 0.0317951
0.0660273 0.0160856
0.00478633 0.0494375
0.00757873 0.0183644
0.0695828 0.0376666
0.00384908 0.0638927
0.0608057 0.0240626
0.045897 0.00789682
0.0587479 0.0669712
0.0291151 0.0405793
0.0354233 0.0252477
0.0626591 0.0141939
0.0041952 0.0480317
0.00563788 0.0167833
0.0687296 0.0382884
0.00391745 0.0660106
0.0639445 0.0225286
0.0474674 0.00387031
0.0622489 0.0702871
0.0285935 0.0393861
0.0305509 0.0187004
0.0593162 0.0119451
0.00360407 0.046626
0.00369702 0.0152021
0.0678765 0.0389101
0.00398581 0.0681284
0.0670794 0.0210744
0.0490378 0.000156194
0.0657499 0.0661241
0.028072 0.0381929
0.0256785 0.012153
0.0559774 0.00961662
0.00301294 0.0452202
0.00175616 0.0136209
0.0670233 0.0395318
0.00405418 0.0702463
0.0702142 0.0196201
0.0478684 0.000374491
0.0692509 0.0619612
0.0275504 0.0369997
0.0208061 0.00560561
0.0553782 0.0110964
0.0024218 0.0438144
0.000184694 0.0120397
0.0661701 0.0401535
0.00412255 0.0690572
0.0680723 0.0181658
0.0447977 0.00205412
0.0686695 0.0577982
0.0270289 0.0358065
0.0159337 0.000941768
0.0566805 0.015223
0.00183067 0.0424086
0.00212555 0.0104585
0.0653169 0.0407753
0.00419091 0.0669394
0.0670574 0.0167412
0.041727 0.00448272
0.0651685 0.0536352
0.0265073 0.0346134
0.0110613 0.00748915
0.0558628 0.0193199
0.00123954 0.0410029
0.00309667 0.0106934
0.0646201 0.0407588
0.00425928 0.0648215
0.068347 0.0153129
0.0386563 0.00691133
0.0615112 0.0501104
0.0259858 0.0334202
0.013352 0.0122205
0.0527406 0.0234206
0.000648409 0.0395971
0.00839504 0.0108445
0.0647763 0.0375601
0.00432765 0.0627037
0.0696367 0.0138845
0.0355855 0.00933993
0.0570009 0.0497678
0.0254642 0.032227
0.0175667 0.0170355
0.0496183 0.0275213
5.72774e-05 0.0381913
0.0131615 0.0108154
0.0649324 0.0343615
0.00439602 0.0605858
0.070495 0.0124561
0.0325148 0.0117685
0.0524905 0.0494252
0.0249427 0.0310338
0.0223133 0.0220309
0.0464961 0.0316221
0.000533854 0.0367855
0.017928 0.0107862
0.0650886 0.0311628
0.00446438 0.058468
0.0692054 0.0110278
0.0299513 0.013453
0.0479802 0.0490826
0.0259812 0.0360514
0.0249927 0.0215596
0.0433738 0.0357228
0.00112499 0.0353798
0.0215864 0.0107244
0.0652448 0.0279642
0.00453275 0.0563501
0.0679158 0.0095994
0.0318791 0.0100156
0.0434746 0.0487532
0.027194 0.0418381
0.0241147 0.0254738
0.0402469 0.0398103
0.00171612 0.033974
0.0223291 0.0106143
0.065401 0.0247655
0.00460112 0.0542323
0.0666261 0.00817103
0.0367224 0.00662636
0.0403876 0.0523317
0.0284068 0.0476248
0.0232366 0.0293879
0.0357013 0.0399899
0.00230725 0.0325682
0.0230719 0.0105043
0.0655572 0.0215668
0.00466948 0.0521144
0.0653365 0.00674266
0.0415658 0.00323716
0.0381237 0.0565708
0.0289445 0.0531568
0.0223585 0.033302
0.0310077 0.0397637
0.00289838 0.0311625
0.0238146 0.0103942
0.0657133 0.0183682
0.00473785 0.0499966
0.0640468 0.00531429
0.0464091 0.000152049
0.039426 0.06215
0.0259159 0.0573487
0.0185263 0.03518
0.0292683 0.0415736
0.00348951 0.0297567
0.0245574 0.0102842
0.0658695 0.0151695
0.00480622 0.0478787
0.0627572 0.00388592
0.0512525 0.00354125
0.0407284 0.0677293
0.0228873 0.0615406
0.0131224 0.0359849
0.0291005 0.0444565
0.00408065 0.0283509
0.0253001 0.0101741
0.0660257 0.0119709
0.00486261 0.0457936
0.0642167 0.00192481
0.0533467 0.0074632
0.0420308 0.0681129
0.0198588 0.0657325
0.0077305 0.0367572
0.0289327 0.0473394
0.00467178 0.0269451
0.0260429 0.0100641
0.0661582 0.00993449
0.00383829 0.047498
0.0678951 0.000587342
0.0532456 0.0118526
0.0433331 0.0625336
0.0168302 0.0699243
0.00361367 0.0352786
0.028765 0.0502223
0.00506853 0.0240006
0.0267856 0.00995403
0.0656584 0.0127887
0.00273437 0.0495289
0.0692155 0.0010977
0.0531446 0.0162421
0.0446355 0.0569544
0.0138017 0.0673051
0.000315584 0.0344329
0.0285972 0.0531052
0.00535732 0.0200968
0.0275284 0.00984398
0.0651586 0.0156429
0.00163045 0.0515598
0.0649047 0.00278274
0.0530435 0.0206315
0.0459379 0.0513752
0.0107731 0.0631132
0.00424484 0.0335872
0.0284294 0.055988
0.00564612 0.016193
0.0282711 0.00973392
0.0646588 0.0184972
0.000419842 0.0535049
0.0605939 0.00446778
0.0529424 0.025021
0.0472403 0.045796
0.00785123 0.059007
0.0081741 0.0327415
0.0282616 0.0588709
0.00593491 0.0122892
0.0290139 0.00962387
0.0641589 0.0213514
0.00175957 0.0504439
0.0562832 0.00615282
0.0528414 0.0294104
0.0485426 0.0402167
0.0117453 0.059907
0.0121034 0.0318958
0.0280939 0.0617538
0.0062237 0.00838543
0.0297566 0.00951382
0.0636865 0.0241902
0.00308316 0.0465692
0.0519724 0.00783786
0.0555171 0.0283946
0.0470409 0.0400582
0.0167533 0.0616207
0.0160326 0.0310501
0.0279261 0.0646367
0.00651249 0.00448163
0.0304994 0.00940377
0.0692943 0.0241452
0.00440674 0.0426945
0.0476617 0.0095229
0.0537218 0.027229
0.0439298 0.0429333
0.0199726 0.0625664
0.0199619 0.0302044
0.029547 0.0682875
0.00680128 0.000577824
0.0312421 0.00929371
0.0659475 0.0238516
0.00573033 0.0388199
0.0433509 0.0112079
0.0513548 0.0263121
0.0408187 0.0458083
0.0210582 0.0625698
0.0238911 0.0293587
0.0333016 0.0685408
0.00709007 0.00332598
0.0308152 0.00876273
0.059768 0.0235579
0.00705391 0.0349452
0.0402098 0.0133139
0.0489879 0.0253951
0.0377076 0.0486833
0.0221438 0.0625732
0.0278204 0.0285129
0.0370562 0.0639477
0.00737887 0.00722978
0.0277016 0.00723442
0.0556868 0.0229041
0.00837749 0.0310705
0.0397554 0.0164172
0.0445226 0.0248384
0.0345966 0.0515583
0.0232294 0.0625766
0.0317497 0.0276672
0.0408109 0.0593545
0.00766766 0.0111336
0.024588 0.00570612
0.0533159 0.0219564
0.00970108 0.0271959
0.0371557 0.0152621
0.0442239 0.0285225
0.0311742 0.0541176
0.024315 0.06258
0.0319471 0.027133
0.0448768 0.0550771
0.00795645 0.0150374
0.0214744 0.00417781
0.050945 0.0210087
0.0119605 0.0268098
0.0342147 0.0133881
0.0484435 0.0326351
0.0293097 0.0543109
0.0238035 0.0649128
0.0279678 0.026889
0.0489818 0.0508364
0.00730938 0.0154526
0.0183608 0.00264951
0.0485741 0.020061
0.0151733 0.029911
0.0312736 0.0115141
0.0526632 0.0367478
0.0284494 0.0530179
0.0222879 0.0687318
0.0239963 0.0266427
0.0530869 0.0465957
0.00570116 0.0123829
0.0152473 0.0011212
0.0462032 0.0191134
0.013915 0.0349354
0.0283326 0.00964013
0.0565524 0.0339596
0.0275891 0.051725
0.0207723 0.0688706
0.0244959 0.0244731
0.0575223 0.0492557
0.00409294 0.00931331
0.0121337 0.000407104
0.0438324 0.0181657
0.0122112 0.0401739
0.0253915 0.00776613
0.0603673 0.0296578
0.0267288 0.0504321
0.0192567 0.0650516
0.0254409 0.0220894
0.0620321 0.0534295
0.00248472 0.00624368
0.0102331 0.00147929
0.0414615 0.017218
0.0105074 0.0454125
0.0224504 0.00589213
0.0641821 0.025356
0.0258685 0.0491391
0.017741 0.0612327
0.0263859 0.0197056
0.0665419 0.0576032
0.000336483 0.00363016
0.0117906 0.000470198
0.0390906 0.0162703
0.00880365 0.050651
0.0215292 0.00481865
0.0679969 0.0210542
0.0250082 0.0478462
0.0162254 0.0574137
0.0273309 0.0173219
0.0703696 0.0617769
0.000877756 0.00229741
0.00987464 0.00277561
0.0375856 0.0153192
0.00379043 0.053641
0.0256346 0.00572174
0.0696096 0.0167524
0.0241479 0.0465533
0.0180193 0.0558432
0.0274225 0.0149904
0.0658597 0.0659507
0.00014652 0.00115147
0.0106072 0.00642713
0.0385434 0.014374
0.00204774 0.0561033
0.0291046 0.0026883
0.0657948 0.0124506
0.0232894 0.0452546
0.0206362 0.0548062
0.0256866 0.0165895
0.0613499 0.0701244
0.000743061 0.000400176
0.0115656 0.0101387
0.0395012 0.0134288
0.00788591 0.0585656
0.0325445 0.000631314
0.06198 0.0081488
0.0225733 0.0434015
0.0231109 0.0543237
0.0239808 0.0184748
0.05684 0.0671232
0.00111366 0.00201189
0.0125241 0.0138503
0.0404591 0.0124835
0.0137241 0.0610278
0.0359844 0.00395093
0.0581652 0.00384699
0.0218668 0.0415048
0.0255758 0.0538848
0.0222751 0.0203601
0.0523302 0.0629495
0.00148426 0.0036236
0.0127884 0.0171014
0.0434033 0.0153523
0.0195623 0.0634901
0.0374379 0.00345653
0.0543504 0.00045482
0.0211604 0.0396081
0.0280407 0.0534458
0.0212635 0.0227059
0.0478204 0.0587758
0.00185485 0.00523531
